	REAL_TIME: 0.640000l
	USER_TIME: 0.160000l
	SYSTEM_TIME: 0.480000l
