dx: 0.0000000005
 n: 1
Result: 3.141593
Time:7 s
dx: 0.0000000005
 n: 2
Result: 3.709180
Time:3 s
dx: 0.0000000005
 n: 10
Result: 3.986750
Time:2 s
