	REAL_TIME: 0.100000l
	USER_TIME: 0.030000l
	SYSTEM_TIME: 0.070000l
