	REAL_TIME: 2.340000l
	USER_TIME: 2.210000l
	SYSTEM_TIME: 0.110000l
